00010100101000110101100010110010010110100000010100010000111111010001011101100110000000011010111110111001000011111100101000011110
10010000001000111110010010011111110100001101100010011000001111000010111001111111110010110011111001010111100010111011000111001001
11010101110011101110101011101110010100011000011100100000010110011000011011011111001010011100100000011011110011010111100110101101
01011100111001100010011100110000111000011111000111111011000000011010001111001010000101001010011011011100010011011001100101110010
11100011111011000001100111010111010111000101000010000011000010101110010100001010010011111011011100111101101010011001010110011101
11000010110011111101101001011010011000011111000100110011110001101001010001101111100100001101011110001001111100011101111000001101
10101110001010101110010010100111100011110011001100101010001010001010100101010100000101001110111010100100001000000110010001000101
11010001011010011011101010001011010010100101111010100100100011111010010001010111101010000011100000111111010001101101101100111101
11000011111001000011000011101110001100010110010011110011111000110000000011101100100101010101110010010001011100110100101111010011
01100100011010010011110001111000010000000111111110001110001111111011010001010111110101101000111010001001101110011000110110100111
11111000011011110111010100101010111010011111100111010100100000001000011101011001110001011111111010011111011001110110001110100001
00111010100111100001000101100100110111101100010011101011110100001010100010011111011110001000000101111010011000101010001001011001
10000100010111111110100110000111111101110001110100110110110100011100001001110001010001011101101011011111011111011011001111000101
11100001110000110110101010011010101001100100100111001100100101101001111100010001101001011001101001000110111110000100010110110011
01101010000100010010110101001111100011011000101110100110010010100101000011001110101100100001001011001000100111100000110111011100
00010000001100001000101111000010011101100000000100110000110111101111001001001001011101110110100011101001011111101011100011000001
11100010101000010100100100100011111110100100111001000010000001100011011000111011011010011011101001100110101001100100101001001100
01000101101011010111110000011010100011111110011001100100101101111110011100100100010010000110000101000100010000000101101001001001
00001011111000001110100111011001000101100000000111010001100101001000110010000110011001010000111111110111111101110010010000011101
01000101011100011111111101011101000110001110011100010100011100100110100011010100000010001111100011001011110111111111011100101100
00100011110001101011100001010001011010101110000111001101001101000101111000011000110001001110010001110001100010001011110101101101
01111100100000101010111110100110001111011010100001011000010001100001000100110111100001000011101101101100111011101101001100010111
10101101101010001010001011110001000010100001001100101000101000110111000000001111010110110011000001001001001100101111100001111111
01111000011010011101101010101001010110101100111101001100111011110110100010011000100110101000110001011011010010010001011101110110
01101010110110010000111100100000010111100111110110111001111101100011110001101010011010101111011111000000000100101100101010011100
01101111110110001010000100100100011010101001001100110101011011011110110110010101010000100001010100101110011001100110001011110101
11100000111100000110100011100110000101110001101110110110010001011101010000111100111001000000111001101101100010101001101101010110
10001111111010001110100010101100110101010111011100100100110100101011110001101111111001001011001000101000110000001101101000101101
10110111110110101100110100011000001010000001010110001001000101011110011011110111110110000110011111110010101000111101111100000111
00011110100110101111000010010100001110101000010100010111100110010101000100101111100010100001001111011001011111101100100100100010
10110001100011101100100111011110111010100111101011011000100001110011000001111010111100110100110111100100001100101111101101010001
11110010001001000111000010110110101101001110010011110011001110100001101110100101000001001110101111001010000011101101001111001100
00110011101011000111100110111111000010100101011000110000001010111000010000101011001001011111000100100100111110010101100001101010
00001110001000101110011000000101101010000000011110010110110000111010110110010111110101010010101010001111110101000010110101110011
01100010011010010000101111011100110101100101111111101100000100110100000110001110011101001011010001011000100001100000100000001011
11000001101100100111110110000100000011101111100001110110110000001010100111011011101000011011111000011000111010011111110010101001
10100101000000111000110011101100010001011011001101110111000100001001100001001111000110010010010111111110110000010000001110111011
10001100111111011010111010110001000010001100000011000100111001101100011101011010110000010110010101100000101100111011011000001110
01001001000001001110100111000100010010100101001000011000100101100101011000110010111010010000101111111001010101110110111111011101
01010010011011110011100000111000111110010111000000110000010010011101000000100111100000010011110001101001010011101000011010001011
10010000001110110011101001110001000111111001110111001011100100101110011011100100000101001011000101100000110000001011011111101111
01011011011001111001001110101101000101001111000000100001010100100100101000100100101001110101111111000100110101111011110001100011
01100101000010000100000111101011011001010011010110110100010101100001000011111100111000001001111010110111011101101101100000011110
10001110001101110101101101011000000010000110001010100111010110000000000111101100100111010110110010000011101010000001100111110110
11011110100100100111000110001101000111100110111100000100100000100001111111000100101011001011000000101010111101001101001100101101
11101111000110101111111110101100010101011100111100011101111001001111000010001111000110011011101011011010100010010011110010010111
01010011001101100011101101001111111110010110100100010100100001110000101110000010010010001001110000010101000011111100100010101101
10010110110001010010010110011001110101110101100100101001000100011101011111001011011011111100111100001110010100001000111101100010
01101001011011001101010101111010100010011110010000111100011110101110011100001000111001000101011110111001000110100000111101000011
00000110110001000101011001111000110101011001101111111001110111100100001101010111101001110001110100110000011000110010110110100110
